 589.615 246.203
 216.407 278.27

84.6 787.3
84.6 788.8
74.9 824
74.9 824.2
80 829
80.5 871.1
80.5 882.4
29 936.6
0.1 937.8
0.1 765.1
10.1 756.5
51.9 751.4
53.6 751.4

143.9 756.5
218.6 735.6
220.1 735.2
221.5 735.2
268.7 756.9
283.8 811.3
284 811.5
329.5 755.2
385.2 746.3
387.6 746.2
447.4 794.5
450.5 851.2
450.5 853.2
396.8 919.6
340.7 928.5
338.8 928.5
279 880.2
276.8 838.7
276.6 837.5
257.5 865.6
181.4 886.9
179.8 886.9
132.8 865.3
115.1 802.2
114.7 800.7
114.7 799.5

568 640.2
569.6 640.2
595.6 644.5
646.8 656.8
672.3 664.9
672.3 666.1
671.4 669.8
670.2 669.8
643.7 665.4
592.5 653.1
567.1 645
567.1 643.7

932 587.7
961.2 573.6
962.9 573.6
999.9 580
999.9 658.4
999 658.4
996.6 658
948.4 649.7
925.3 626.5
925.3 625
931.2 590.6
931.6 588.3
931.8 587.7

398.9 551.1
435.3 554.5
452 577.1
452 578.9
448.2 620.3
431.3 636.2
431.4 636.4
432 636.6
432.4 637.2
463.4 629
465.4 628.5
466.8 628.5
511.7 660.9
514.6 703.7
514.6 705.5
475.5 759.8
475.2 760
433.6 770.9
432 770.9
387.1 738.5
385.5 713.3
385.2 712.9
343.5 696.8
323.2 665.7
323.2 664.5
338.8 624.2
373.5 615.1
372.4 613.6
372.4 611.7
376.2 570.3
396.7 551.1

919.7 489.3
925.5 528.5
925.5 530.4
905.5 600.6
879.6 631.3
878.3 631.3
846.7 622.2
841 583.2
841 581.1
861 510.9
886.8 480.3
888.3 480.3

859.4 478.1
859.7 481.1
859.7 482.7
845.3 488.3
816.8 490.3
814.2 490.3
799.4 486.8
798.8 478.6
798.8 476.5
813.1 471
841.6 469
844.3 469
859.1 472.5

98.8 395.8
100 395.8
130.7 411
188.4 447.2
215.1 468
215.1 469.2
211.5 474.9
210.2 474.9
179.6 459.8
122.2 423.8
95.2 402.8
95.3 401.3

404.1 381.7
448.3 392.3
462 432.8
462 434.3
445.2 504.6
439.8 510.1
414.5 534.9
413.3 534.9
412 534.6
369.1 524.3
355.4 483.8
355.4 482.2
372.2 411.9
402.9 381.7

965 233.1
999.9 237.8
999.9 420.2
997.9 420.1
939.7 412.3
908.8 363
908.8 361
920.6 272.7
963.4 233.1

263.1 228.6
263.1 230.3
261.2 243.1
251.3 267
243.2 277.7
242 277.7
236 275.2
236 273.5
237.9 260.6
247.8 236.8
255.9 226.1
257.1 226.1

152.7 225.5
158.7 247.2
158.7 248.5
121.2 272.8
39.8 294.9
0.6 328.6
0.1 328.6
0.1 294.9
1.5 293.7
1 293.5
0.1 293.5
0.1 256.7
23.6 241.5
105.5 219.2
108.3 219.2
151.5 221.1

394.1 246.1
405.6 292.3
405.7 294.1
370.6 350.7
370.1 351.3
324 361.5
321.9 361.6
263.3 325.2
251.8 278.8
251.8 277.2
287.3 220.1
333.7 209.8
335.5 209.7

245 95.3
245 96.8
242.8 103.4
234.5 114.3
228.9 118.1
227.5 118.1
223.9 115.4
223.9 114.1
226.1 107.4
233.6 97.4
234.5 96.4
240.1 92.6
241.5 92.6

385.4 0.1
385.1 3.9
381.9 32.5
369.2 61
366.6 60.9
349.3 59
348.1 53.7
343 28.4
343 26.8
346 0.1

