14.2857 16.25 23.4 8.4
85.7143 48.75 76.5 56.5
3.5 37.4 23.4 56.5
3.5 37.4 12.4 38.5
3.5 37.4 0.4 37.4
3.5 37.4 0.4 29.5
48.4 43.4 51.5 43.4
48.4 43.4 26.5 56.5
51.5 43.4 73.4 56.5
76.5 56.5 73.4 56.5
26.5 56.5 23.4 56.5
23.4 56.5 12.4 38.5
23.4 56.5 0.4 29.5
12.4 38.5 12.4 35.4
12.4 38.5 0.4 29.5
12.4 35.4 99.5 35.4
12.4 35.4 0.4 37.4
12.4 35.4 87.5 29.5
99.5 35.4 99.5 64.5
99.5 35.4 99.5 0.4
99.5 35.4 99.5 27.5
99.5 35.4 96.4 27.5
99.5 35.4 76.5 8.4
99.5 35.4 87.5 26.4
99.5 35.4 0.4 29.5
99.5 64.5 0.4 64.5
99.5 64.5 99.5 0.4
99.5 64.5 99.5 27.5
0.4 64.5 0.4 37.4
0.4 64.5 0.4 29.5
0.4 64.5 0.4 0.4
0.4 37.4 0.4 29.5
0.4 37.4 0.4 0.4
99.5 0.4 99.5 27.5
99.5 0.4 0.4 0.4
99.5 27.5 96.4 27.5
99.5 27.5 87.5 29.5
96.4 27.5 76.5 8.4
96.4 27.5 87.5 26.4
51.5 21.5 48.4 21.5
51.5 21.5 73.4 8.4
48.4 21.5 26.5 8.4
23.4 8.4 26.5 8.4
73.4 8.4 76.5 8.4
76.5 8.4 87.5 26.4
87.5 26.4 87.5 29.5
87.5 29.5 0.4 29.5
0.4 29.5 0.4 0.4
