589.615 246.203 672.3 664.9
589.615 246.203 567.1 643.7
589.615 246.203 448.2 620.3
589.615 246.203 514.6 705.5
589.615 246.203 919.7 489.3
589.615 246.203 846.7 622.2
589.615 246.203 799.4 486.8
589.615 246.203 859.1 472.5
589.615 246.203 211.5 474.9
589.615 246.203 445.2 504.6
589.615 246.203 402.9 381.7
589.615 246.203 939.7 412.3
589.615 246.203 963.4 233.1
589.615 246.203 370.1 351.3
589.615 246.203 335.5 209.7
589.615 246.203 227.5 118.1
589.615 246.203 241.5 92.6
589.615 246.203 385.4 0.1
589.615 246.203 349.3 59
216.407 278.27 323.2 665.7
216.407 278.27 372.4 613.6
216.407 278.27 98.8 395.8
216.407 278.27 215.1 469.2
216.407 278.27 369.1 524.3
216.407 278.27 243.2 277.7
216.407 278.27 247.8 236.8
216.407 278.27 0.6 328.6
216.407 278.27 151.5 221.1
216.407 278.27 263.3 325.2
216.407 278.27 245 96.8
216.407 278.27 223.9 114.1
216.407 278.27 369.2 61
216.407 278.27 346 0.1
84.6 787.3 84.6 788.8
84.6 787.3 53.6 751.4
84.6 787.3 132.8 865.3
84.6 787.3 0.1 328.6
84.6 788.8 80.5 882.4
84.6 788.8 95.2 402.8
80 829 80.5 871.1
80.5 871.1 80.5 882.4
80.5 882.4 29 936.6
80.5 882.4 215.1 469.2
29 936.6 0.1 937.8
29 936.6 257.5 865.6
0.1 937.8 0.1 765.1
0.1 937.8 340.7 928.5
0.1 937.8 0.1 328.6
0.1 937.8 0.1 294.9
0.1 937.8 0.1 293.5
0.1 937.8 0.1 256.7
0.1 765.1 10.1 756.5
0.1 765.1 211.5 474.9
0.1 765.1 95.3 401.3
0.1 765.1 402.9 381.7
0.1 765.1 0.1 328.6
0.1 765.1 0.1 294.9
0.1 765.1 0.1 293.5
0.1 765.1 0.1 256.7
0.1 765.1 370.1 351.3
10.1 756.5 51.9 751.4
10.1 756.5 338.8 624.2
10.1 756.5 414.5 534.9
51.9 751.4 53.6 751.4
51.9 751.4 220.1 735.2
143.9 756.5 218.6 735.6
143.9 756.5 114.7 799.5
143.9 756.5 338.8 624.2
143.9 756.5 396.7 551.1
143.9 756.5 414.5 534.9
218.6 735.6 220.1 735.2
220.1 735.2 221.5 735.2
221.5 735.2 268.7 756.9
221.5 735.2 387.6 746.2
268.7 756.9 95.2 402.8
268.7 756.9 0.1 328.6
329.5 755.2 385.2 746.3
385.2 746.3 387.6 746.2
387.6 746.2 447.4 794.5
447.4 794.5 450.5 851.2
447.4 794.5 387.1 738.5
450.5 851.2 450.5 853.2
450.5 853.2 396.8 919.6
450.5 853.2 568 640.2
450.5 853.2 514.6 705.5
396.8 919.6 340.7 928.5
340.7 928.5 338.8 928.5
338.8 928.5 279 880.2
257.5 865.6 181.4 886.9
181.4 886.9 179.8 886.9
179.8 886.9 132.8 865.3
132.8 865.3 115.1 802.2
115.1 802.2 114.7 800.7
114.7 800.7 114.7 799.5
114.7 800.7 95.2 402.8
114.7 800.7 0.1 328.6
114.7 799.5 215.1 469.2
114.7 799.5 372.2 411.9
114.7 799.5 405.7 294.1
568 640.2 569.6 640.2
568 640.2 567.1 643.7
568 640.2 475.5 759.8
568 640.2 879.6 631.3
568 640.2 886.8 480.3
568 640.2 859.7 482.7
568 640.2 798.8 476.5
568 640.2 999.9 420.2
568 640.2 920.6 272.7
569.6 640.2 595.6 644.5
569.6 640.2 999 658.4
569.6 640.2 466.8 628.5
595.6 644.5 646.8 656.8
646.8 656.8 672.3 664.9
672.3 664.9 672.3 666.1
672.3 664.9 435.3 554.5
672.3 664.9 448.3 392.3
672.3 664.9 394.1 246.1
672.3 664.9 385.4 0.1
672.3 664.9 349.3 59
672.3 666.1 671.4 669.8
671.4 669.8 670.2 669.8
671.4 669.8 999.9 658.4
671.4 669.8 475.2 760
671.4 669.8 879.6 631.3
671.4 669.8 886.8 480.3
671.4 669.8 859.7 482.7
671.4 669.8 798.8 476.5
671.4 669.8 920.6 272.7
670.2 669.8 643.7 665.4
643.7 665.4 592.5 653.1
592.5 653.1 567.1 645
567.1 645 567.1 643.7
567.1 645 435.3 554.5
567.1 645 448.3 392.3
567.1 645 394.1 246.1
567.1 645 385.4 0.1
567.1 645 349.3 59
961.2 573.6 962.9 573.6
961.2 573.6 931.8 587.7
962.9 573.6 999.9 580
999.9 580 999.9 658.4
999.9 580 919.7 489.3
999.9 580 999.9 237.8
999.9 580 999.9 420.2
999.9 580 908.8 363
999.9 658.4 999 658.4
999.9 658.4 433.6 770.9
999.9 658.4 999.9 237.8
999.9 658.4 999.9 420.2
999 658.4 996.6 658
999 658.4 466.8 628.5
996.6 658 948.4 649.7
948.4 649.7 925.3 626.5
948.4 649.7 435.3 554.5
948.4 649.7 878.3 631.3
948.4 649.7 413.3 534.9
925.3 626.5 925.3 625
925.3 625 931.2 590.6
925.3 625 925.5 530.4
931.2 590.6 931.6 588.3
931.6 588.3 931.8 587.7
931.8 587.7 879.6 631.3
931.8 587.7 999.9 420.2
398.9 551.1 435.3 554.5
398.9 551.1 396.7 551.1
435.3 554.5 452 577.1
435.3 554.5 878.3 631.3
435.3 554.5 210.2 474.9
435.3 554.5 369.1 524.3
452 577.1 452 578.9
452 577.1 511.7 660.9
452 578.9 448.2 620.3
452 578.9 462 434.3
463.4 629 465.4 628.5
465.4 628.5 466.8 628.5
466.8 628.5 511.7 660.9
466.8 628.5 878.3 631.3
511.7 660.9 514.6 703.7
514.6 703.7 514.6 705.5
514.6 705.5 475.5 759.8
475.5 759.8 475.2 760
475.2 760 433.6 770.9
433.6 770.9 432 770.9
432 770.9 387.1 738.5
387.1 738.5 343.5 696.8
343.5 696.8 323.2 665.7
323.2 665.7 323.2 664.5
323.2 665.7 215.1 468
323.2 665.7 236 275.2
323.2 665.7 151.5 221.1
323.2 665.7 251.8 278.8
323.2 664.5 338.8 624.2
372.4 613.6 372.4 611.7
372.4 613.6 355.4 483.8
372.4 613.6 236 275.2
372.4 613.6 151.5 221.1
372.4 613.6 263.3 325.2
372.4 611.7 376.2 570.3
376.2 570.3 396.7 551.1
396.7 551.1 845.3 488.3
396.7 551.1 813.1 471
396.7 551.1 414.5 534.9
396.7 551.1 999.9 420.2
396.7 551.1 963.4 233.1
919.7 489.3 925.5 528.5
919.7 489.3 888.3 480.3
919.7 489.3 335.5 209.7
919.7 489.3 227.5 118.1
919.7 489.3 241.5 92.6
919.7 489.3 385.4 0.1
919.7 489.3 349.3 59
925.5 528.5 925.5 530.4
925.5 528.5 908.8 363
925.5 530.4 905.5 600.6
905.5 600.6 879.6 631.3
879.6 631.3 878.3 631.3
878.3 631.3 846.7 622.2
878.3 631.3 413.3 534.9
846.7 622.2 841 583.2
846.7 622.2 799.4 486.8
846.7 622.2 448.3 392.3
846.7 622.2 394.1 246.1
846.7 622.2 245 95.3
846.7 622.2 385.4 0.1
846.7 622.2 349.3 59
841 583.2 841 581.1
841 581.1 861 510.9
841 581.1 859.7 482.7
841 581.1 920.6 272.7
861 510.9 886.8 480.3
886.8 480.3 888.3 480.3
886.8 480.3 845.3 488.3
886.8 480.3 999.9 420.2
888.3 480.3 859.1 472.5
859.7 481.1 859.7 482.7
859.7 481.1 859.1 472.5
859.7 482.7 845.3 488.3
859.7 482.7 999.9 420.2
859.7 482.7 920.6 272.7
845.3 488.3 816.8 490.3
845.3 488.3 414.5 534.9
816.8 490.3 814.2 490.3
814.2 490.3 799.4 486.8
799.4 486.8 798.8 478.6
799.4 486.8 448.3 392.3
799.4 486.8 335.5 209.7
799.4 486.8 227.5 118.1
799.4 486.8 241.5 92.6
799.4 486.8 385.4 0.1
799.4 486.8 349.3 59
798.8 478.6 798.8 476.5
798.8 476.5 813.1 471
798.8 476.5 920.6 272.7
813.1 471 841.6 469
813.1 471 414.5 534.9
813.1 471 999.9 420.2
841.6 469 844.3 469
844.3 469 859.1 472.5
844.3 469 404.1 381.7
844.3 469 321.9 361.6
859.1 472.5 227.5 118.1
859.1 472.5 241.5 92.6
859.1 472.5 385.4 0.1
859.1 472.5 349.3 59
98.8 395.8 100 395.8
98.8 395.8 95.3 401.3
98.8 395.8 402.9 381.7
98.8 395.8 243.2 277.7
98.8 395.8 255.9 226.1
98.8 395.8 324 361.5
98.8 395.8 369.2 61
100 395.8 130.7 411
130.7 411 188.4 447.2
188.4 447.2 215.1 468
188.4 447.2 0.1 328.6
215.1 468 215.1 469.2
215.1 468 158.7 247.2
215.1 469.2 211.5 474.9
215.1 469.2 251.8 277.2
211.5 474.9 210.2 474.9
211.5 474.9 402.9 381.7
211.5 474.9 370.1 351.3
210.2 474.9 179.6 459.8
210.2 474.9 369.1 524.3
179.6 459.8 122.2 423.8
122.2 423.8 95.2 402.8
95.2 402.8 95.3 401.3
95.2 402.8 0.1 328.6
95.3 401.3 158.7 248.5
95.3 401.3 242.8 103.4
95.3 401.3 226.1 107.4
95.3 401.3 346 0.1
404.1 381.7 448.3 392.3
404.1 381.7 402.9 381.7
404.1 381.7 997.9 420.1
448.3 392.3 462 432.8
448.3 392.3 394.1 246.1
448.3 392.3 321.9 361.6
462 432.8 462 434.3
462 432.8 385.4 0.1
462 432.8 349.3 59
462 434.3 445.2 504.6
445.2 504.6 439.8 510.1
439.8 510.1 414.5 534.9
414.5 534.9 413.3 534.9
414.5 534.9 999.9 420.2
414.5 534.9 963.4 233.1
413.3 534.9 412 534.6
412 534.6 369.1 524.3
369.1 524.3 355.4 483.8
369.1 524.3 236 275.2
355.4 483.8 355.4 482.2
355.4 482.2 372.2 411.9
372.2 411.9 402.9 381.7
372.2 411.9 405.7 294.1
402.9 381.7 963.4 233.1
965 233.1 999.9 237.8
965 233.1 963.4 233.1
999.9 237.8 999.9 420.2
999.9 237.8 227.5 118.1
999.9 237.8 241.5 92.6
999.9 237.8 385.4 0.1
999.9 237.8 349.3 59
999.9 420.2 997.9 420.1
997.9 420.1 939.7 412.3
997.9 420.1 321.9 361.6
939.7 412.3 908.8 363
939.7 412.3 335.5 209.7
939.7 412.3 227.5 118.1
939.7 412.3 241.5 92.6
939.7 412.3 385.4 0.1
939.7 412.3 349.3 59
908.8 363 908.8 361
908.8 361 920.6 272.7
920.6 272.7 963.4 233.1
963.4 233.1 324 361.5
263.1 228.6 263.1 230.3
263.1 228.6 257.1 226.1
263.1 228.6 245 95.3
263.1 228.6 223.9 115.4
263.1 230.3 261.2 243.1
261.2 243.1 251.3 267
261.2 243.1 251.8 277.2
261.2 243.1 346 0.1
251.3 267 243.2 277.7
251.3 267 369.2 61
243.2 277.7 242 277.7
243.2 277.7 0.6 328.6
243.2 277.7 287.3 220.1
242 277.7 236 275.2
236 275.2 236 273.5
236 275.2 151.5 221.1
236 275.2 263.3 325.2
236 275.2 223.9 115.4
236 273.5 237.9 260.6
237.9 260.6 247.8 236.8
247.8 236.8 255.9 226.1
247.8 236.8 369.2 61
255.9 226.1 257.1 226.1
255.9 226.1 121.2 272.8
255.9 226.1 0.6 328.6
255.9 226.1 333.7 209.8
257.1 226.1 151.5 221.1
158.7 247.2 158.7 248.5
158.7 247.2 151.5 221.1
158.7 248.5 121.2 272.8
158.7 248.5 242.8 103.4
158.7 248.5 226.1 107.4
121.2 272.8 0.6 328.6
0.6 328.6 0.1 328.6
0.1 328.6 0.1 294.9
0.1 328.6 0.1 293.5
0.1 328.6 0.1 256.7
0.1 328.6 321.9 361.6
0.1 294.9 0.1 293.5
0.1 294.9 0.1 256.7
0.1 293.5 0.1 256.7
0.1 256.7 23.6 241.5
0.1 256.7 234.5 96.4
0.1 256.7 346 0.1
23.6 241.5 105.5 219.2
23.6 241.5 228.9 118.1
23.6 241.5 369.2 61
105.5 219.2 108.3 219.2
105.5 219.2 335.5 209.7
108.3 219.2 151.5 221.1
394.1 246.1 405.6 292.3
394.1 246.1 335.5 209.7
394.1 246.1 223.9 115.4
405.6 292.3 405.7 294.1
405.6 292.3 385.4 0.1
405.6 292.3 349.3 59
405.7 294.1 370.6 350.7
370.6 350.7 370.1 351.3
370.1 351.3 324 361.5
324 361.5 321.9 361.6
321.9 361.6 263.3 325.2
263.3 325.2 251.8 278.8
251.8 278.8 251.8 277.2
251.8 277.2 287.3 220.1
251.8 277.2 369.2 61
251.8 277.2 346 0.1
287.3 220.1 333.7 209.8
333.7 209.8 335.5 209.7
245 95.3 245 96.8
245 95.3 241.5 92.6
245 96.8 242.8 103.4
242.8 103.4 234.5 114.3
234.5 114.3 228.9 118.1
228.9 118.1 227.5 118.1
228.9 118.1 369.2 61
227.5 118.1 223.9 115.4
223.9 115.4 223.9 114.1
223.9 114.1 226.1 107.4
226.1 107.4 233.6 97.4
233.6 97.4 234.5 96.4
234.5 96.4 240.1 92.6
240.1 92.6 241.5 92.6
240.1 92.6 369.2 61
385.4 0.1 385.1 3.9
385.4 0.1 346 0.1
385.1 3.9 381.9 32.5
381.9 32.5 369.2 61
369.2 61 366.6 60.9
366.6 60.9 349.3 59
349.3 59 348.1 53.7
348.1 53.7 343 28.4
343 28.4 343 26.8
343 26.8 346 0.1
