100.015 457.838 97.5 482.7
97.5 482.7 96.5 495.4
96.5 495.4 96.5 497
96.5 497 108.6 509.9
108.6 509.9 153.3 521.6
153.3 521.6 160.4 525.8
160.4 525.8 161.7 526.3
161.7 526.3 188.7 527.2
188.7 527.2 225.7 542.6
225.7 542.6 227.9 542.6
227.9 542.6 236.6 541.6
236.6 541.6 237 541.4
237 541.4 241.2 537.6
241.2 537.6 262.4 512.8
262.4 512.8 294.2 480.6
294.2 480.6 300.7 474.7
300.7 474.7 302.1 474.7
302.1 474.7 304.3 475.6
304.3 475.6 318.9 486.2
318.9 486.2 320.5 505.9
320.5 505.9 329.4 546.2
329.4 546.2 330 548.6
330 548.6 398.1 590
398.1 590 417 609
417 609 419.3 611.9
419.3 611.9 431.5 648.6
431.5 648.6 473.6 657.2
473.6 657.2 499.1 672.7
499.1 672.7 509.2 675.4
509.2 675.4 510.4 675.4
510.4 675.4 533.2 672.1
533.2 672.1 542.9 671
542.9 671 544.2 671
544.2 671 549.6 675.1
549.6 675.1 563.6 725.3
563.6 725.3 563.6 726.5
563.6 726.5 545.5 773.1
545.5 773.1 545.5 774.6
545.5 774.6 549.7 790.2
549.7 790.2 559.1 796.2
559.1 796.2 575.5 799.9
575.5 799.9 587.5 819.5
587.5 819.5 604 835.7
604 835.7 619.6 842.5
619.6 842.5 621.5 843
621.5 843 635.186 845.361
